> #Question-1
> A<- matrix(c(2,0,1,3), ncol=2)
> B<- matrix(c(5,2,3,-1), ncol=2)
> A
     [,1] [,2]
[1,]    2    1
[2,]    0    3
> B
     [,1] [,2]
[1,]    5    3
[2,]    2   -1
> R1a<- A+B
> R1b<- A-B
> R1a
     [,1] [,2]
[1,]    7    4
[2,]    2    2
> R1b
     [,1] [,2]
[1,]   -3   -2
[2,]   -2    4
> #Question-2
> C<- c(4,1,2,3)
> R2<- diag(C)
> R2
     [,1] [,2] [,3] [,4]
[1,]    4    0    0    0
[2,]    0    1    0    0
[3,]    0    0    2    0
[4,]    0    0    0    3
> #Question-3
> R3a<- diag(3,5)
> R3a
     [,1] [,2] [,3] [,4] [,5]
[1,]    3    0    0    0    0
[2,]    0    3    0    0    0
[3,]    0    0    3    0    0
[4,]    0    0    0    3    0
[5,]    0    0    0    0    3
> b<- matrix(0, ncol=5, nrow=4)
> c<- matrix(0, nrow=5, ncol=4)
> b
     [,1] [,2] [,3] [,4] [,5]
[1,]    0    0    0    0    0
[2,]    0    0    0    0    0
[3,]    0    0    0    0    0
[4,]    0    0    0    0    0
> c
     [,1] [,2] [,3] [,4]
[1,]    0    0    0    0
[2,]    0    0    0    0
[3,]    0    0    0    0
[4,]    0    0    0    0
[5,]    0    0    0    0
> X<- c(0,2,2,2,2)
> Y<- c(0,1,1,1,1)
> x<- matrix(X, nrow=5)
> y<- matrix(Y, ncol=5)
> x
     [,1]
[1,]    0
[2,]    2
[3,]    2
[4,]    2
[5,]    2
> y
     [,1] [,2] [,3] [,4] [,5]
[1,]    0    1    1    1    1
> R3b<- rbind(y,b)
> R3c<- cbind(x,c)
> R3b
     [,1] [,2] [,3] [,4] [,5]
[1,]    0    1    1    1    1
[2,]    0    0    0    0    0
[3,]    0    0    0    0    0
[4,]    0    0    0    0    0
[5,]    0    0    0    0    0
> R3c
     [,1] [,2] [,3] [,4] [,5]
[1,]    0    0    0    0    0
[2,]    2    0    0    0    0
[3,]    2    0    0    0    0
[4,]    2    0    0    0    0
[5,]    2    0    0    0    0
> R3<-R3a+R3b+R3c
> R3
     [,1] [,2] [,3] [,4] [,5]
[1,]    3    1    1    1    1
[2,]    2    3    0    0    0
[3,]    2    0    3    0    0
[4,]    2    0    0    3    0
[5,]    2    0    0    0    3
> 