> A<- matrix(1:100, nrow=10) #creating matrix A
> B<- matrix(1:1000, nrow=10) # creating matrix B
> a<- t(A) #transpose A matrix 
> b<- t(B) #transpose B matrix
> a # 10 x 10
      [,1] [,2] [,3] [,4] [,5] [,6] [,7] [,8] [,9] [,10]
 [1,]    1    2    3    4    5    6    7    8    9    10
 [2,]   11   12   13   14   15   16   17   18   19    20
 [3,]   21   22   23   24   25   26   27   28   29    30
 [4,]   31   32   33   34   35   36   37   38   39    40
 [5,]   41   42   43   44   45   46   47   48   49    50
 [6,]   51   52   53   54   55   56   57   58   59    60
 [7,]   61   62   63   64   65   66   67   68   69    70
 [8,]   71   72   73   74   75   76   77   78   79    80
 [9,]   81   82   83   84   85   86   87   88   89    90
[10,]   91   92   93   94   95   96   97   98   99   100
> b #100 x 10
       [,1] [,2] [,3] [,4] [,5] [,6] [,7] [,8] [,9] [,10]
  [1,]    1    2    3    4    5    6    7    8    9    10
  [2,]   11   12   13   14   15   16   17   18   19    20
  [3,]   21   22   23   24   25   26   27   28   29    30
  [4,]   31   32   33   34   35   36   37   38   39    40
  [5,]   41   42   43   44   45   46   47   48   49    50
  [6,]   51   52   53   54   55   56   57   58   59    60
  [7,]   61   62   63   64   65   66   67   68   69    70
  [8,]   71   72   73   74   75   76   77   78   79    80
  [9,]   81   82   83   84   85   86   87   88   89    90
 [10,]   91   92   93   94   95   96   97   98   99   100
 [11,]  101  102  103  104  105  106  107  108  109   110
 [12,]  111  112  113  114  115  116  117  118  119   120
 [13,]  121  122  123  124  125  126  127  128  129   130
 [14,]  131  132  133  134  135  136  137  138  139   140
 [15,]  141  142  143  144  145  146  147  148  149   150
 [16,]  151  152  153  154  155  156  157  158  159   160
 [17,]  161  162  163  164  165  166  167  168  169   170
 [18,]  171  172  173  174  175  176  177  178  179   180
 [19,]  181  182  183  184  185  186  187  188  189   190
 [20,]  191  192  193  194  195  196  197  198  199   200
 [21,]  201  202  203  204  205  206  207  208  209   210
 [22,]  211  212  213  214  215  216  217  218  219   220
 [23,]  221  222  223  224  225  226  227  228  229   230
 [24,]  231  232  233  234  235  236  237  238  239   240
 [25,]  241  242  243  244  245  246  247  248  249   250
 [26,]  251  252  253  254  255  256  257  258  259   260
 [27,]  261  262  263  264  265  266  267  268  269   270
 [28,]  271  272  273  274  275  276  277  278  279   280
 [29,]  281  282  283  284  285  286  287  288  289   290
 [30,]  291  292  293  294  295  296  297  298  299   300
 [31,]  301  302  303  304  305  306  307  308  309   310
 [32,]  311  312  313  314  315  316  317  318  319   320
 [33,]  321  322  323  324  325  326  327  328  329   330
 [34,]  331  332  333  334  335  336  337  338  339   340
 [35,]  341  342  343  344  345  346  347  348  349   350
 [36,]  351  352  353  354  355  356  357  358  359   360
 [37,]  361  362  363  364  365  366  367  368  369   370
 [38,]  371  372  373  374  375  376  377  378  379   380
 [39,]  381  382  383  384  385  386  387  388  389   390
 [40,]  391  392  393  394  395  396  397  398  399   400
 [41,]  401  402  403  404  405  406  407  408  409   410
 [42,]  411  412  413  414  415  416  417  418  419   420
 [43,]  421  422  423  424  425  426  427  428  429   430
 [44,]  431  432  433  434  435  436  437  438  439   440
 [45,]  441  442  443  444  445  446  447  448  449   450
 [46,]  451  452  453  454  455  456  457  458  459   460
 [47,]  461  462  463  464  465  466  467  468  469   470
 [48,]  471  472  473  474  475  476  477  478  479   480
 [49,]  481  482  483  484  485  486  487  488  489   490
 [50,]  491  492  493  494  495  496  497  498  499   500
 [51,]  501  502  503  504  505  506  507  508  509   510
 [52,]  511  512  513  514  515  516  517  518  519   520
 [53,]  521  522  523  524  525  526  527  528  529   530
 [54,]  531  532  533  534  535  536  537  538  539   540
 [55,]  541  542  543  544  545  546  547  548  549   550
 [56,]  551  552  553  554  555  556  557  558  559   560
 [57,]  561  562  563  564  565  566  567  568  569   570
 [58,]  571  572  573  574  575  576  577  578  579   580
 [59,]  581  582  583  584  585  586  587  588  589   590
 [60,]  591  592  593  594  595  596  597  598  599   600
 [61,]  601  602  603  604  605  606  607  608  609   610
 [62,]  611  612  613  614  615  616  617  618  619   620
 [63,]  621  622  623  624  625  626  627  628  629   630
 [64,]  631  632  633  634  635  636  637  638  639   640
 [65,]  641  642  643  644  645  646  647  648  649   650
 [66,]  651  652  653  654  655  656  657  658  659   660
 [67,]  661  662  663  664  665  666  667  668  669   670
 [68,]  671  672  673  674  675  676  677  678  679   680
 [69,]  681  682  683  684  685  686  687  688  689   690
 [70,]  691  692  693  694  695  696  697  698  699   700
 [71,]  701  702  703  704  705  706  707  708  709   710
 [72,]  711  712  713  714  715  716  717  718  719   720
 [73,]  721  722  723  724  725  726  727  728  729   730
 [74,]  731  732  733  734  735  736  737  738  739   740
 [75,]  741  742  743  744  745  746  747  748  749   750
 [76,]  751  752  753  754  755  756  757  758  759   760
 [77,]  761  762  763  764  765  766  767  768  769   770
 [78,]  771  772  773  774  775  776  777  778  779   780
 [79,]  781  782  783  784  785  786  787  788  789   790
 [80,]  791  792  793  794  795  796  797  798  799   800
 [81,]  801  802  803  804  805  806  807  808  809   810
 [82,]  811  812  813  814  815  816  817  818  819   820
 [83,]  821  822  823  824  825  826  827  828  829   830
 [84,]  831  832  833  834  835  836  837  838  839   840
 [85,]  841  842  843  844  845  846  847  848  849   850
 [86,]  851  852  853  854  855  856  857  858  859   860
 [87,]  861  862  863  864  865  866  867  868  869   870
 [88,]  871  872  873  874  875  876  877  878  879   880
 [89,]  881  882  883  884  885  886  887  888  889   890
 [90,]  891  892  893  894  895  896  897  898  899   900
 [91,]  901  902  903  904  905  906  907  908  909   910
 [92,]  911  912  913  914  915  916  917  918  919   920
 [93,]  921  922  923  924  925  926  927  928  929   930
 [94,]  931  932  933  934  935  936  937  938  939   940
 [95,]  941  942  943  944  945  946  947  948  949   950
 [96,]  951  952  953  954  955  956  957  958  959   960
 [97,]  961  962  963  964  965  966  967  968  969   970
 [98,]  971  972  973  974  975  976  977  978  979   980
 [99,]  981  982  983  984  985  986  987  988  989   990
[100,]  991  992  993  994  995  996  997  998  999  1000
> va <- A[6,] #vector a from matrix A
> vb <- B[9,] # vector b from matrix B
> va
 [1]  6 16 26 36 46 56 66 76 86 96
> vb
  [1]   9  19  29  39  49  59  69  79  89  99 109 119 129 139 149 159 169 179 189 199 209 219 229 239 249 259 269 279 289
 [30] 299 309 319 329 339 349 359 369 379 389 399 409 419 429 439 449 459 469 479 489 499 509 519 529 539 549 559 569 579
 [59] 589 599 609 619 629 639 649 659 669 679 689 699 709 719 729 739 749 759 769 779 789 799 809 819 829 839 849 859 869
 [88] 879 889 899 909 919 929 939 949 959 969 979 989 999
> m <- va*A #multiplying matrix A with vector a
> n <- vb*B #multiplying matrix B with vector b
> m # 10 x 10
      [,1] [,2] [,3] [,4] [,5] [,6] [,7] [,8] [,9] [,10]
 [1,]    6   66  126  186  246  306  366  426  486   546
 [2,]   32  192  352  512  672  832  992 1152 1312  1472
 [3,]   78  338  598  858 1118 1378 1638 1898 2158  2418
 [4,]  144  504  864 1224 1584 1944 2304 2664 3024  3384
 [5,]  230  690 1150 1610 2070 2530 2990 3450 3910  4370
 [6,]  336  896 1456 2016 2576 3136 3696 4256 4816  5376
 [7,]  462 1122 1782 2442 3102 3762 4422 5082 5742  6402
 [8,]  608 1368 2128 2888 3648 4408 5168 5928 6688  7448
 [9,]  774 1634 2494 3354 4214 5074 5934 6794 7654  8514
[10,]  960 1920 2880 3840 4800 5760 6720 7680 8640  9600
> n # 100 x 10
      [,1] [,2] [,3]  [,4]  [,5]  [,6]  [,7]  [,8]  [,9] [,10] [,11] [,12] [,13] [,14] [,15] [,16]  [,17]  [,18]  [,19]
 [1,]    9 1199 4389  9579 16769 25959 37149 50339 65529 82719   909 12099 25289 40479 57669 76859  98049 121239 146429
 [2,]   38 1428 4818 10208 17598 26988 38378 51768 67158 84548  1938 13328 26718 42108 59498 78888 100278 123668 149058
 [3,]   87 1677 5267 10857 18447 28037 39627 53217 68807 86397  2987 14577 28167 43757 61347 80937 102527 126117 151707
 [4,]  156 1946 5736 11526 19316 29106 40896 54686 70476 88266  4056 15846 29636 45426 63216 83006 104796 128586 154376
 [5,]  245 2235 6225 12215 20205 30195 42185 56175 72165 90155  5145 17135 31125 47115 65105 85095 107085 131075 157065
 [6,]  354 2544 6734 12924 21114 31304 43494 57684 73874 92064  6254 18444 32634 48824 67014 87204 109394 133584 159774
 [7,]  483 2873 7263 13653 22043 32433 44823 59213 75603 93993  7383 19773 34163 50553 68943 89333 111723 136113 162503
 [8,]  632 3222 7812 14402 22992 33582 46172 60762 77352 95942  8532 21122 35712 52302 70892 91482 114072 138662 165252
 [9,]  801 3591 8381 15171 23961 34751 47541 62331 79121 97911  9701 22491 37281 54071 72861 93651 116441 141231 168021
[10,]  990 3980 8970 15960 24950 35940 48930 63920 80910 99900 10890 23880 38870 55860 74850 95840 118830 143820 170810
       [,20] [,21] [,22] [,23] [,24]  [,25]  [,26]  [,27]  [,28]  [,29]  [,30] [,31] [,32] [,33]  [,34]  [,35]  [,36]
 [1,] 173619  1809 22999 46189 71379  98569 127759 158949 192139 227329 264519  2709 33899 67089 102279 139469 178659
 [2,] 176448  3838 25228 48618 74008 101398 130788 162178 195568 230958 268348  5738 37128 70518 105908 143298 182688
 [3,] 179297  5887 27477 51067 76657 104247 133837 165427 199017 234607 272197  8787 40377 73967 109557 147147 186737
 [4,] 182166  7956 29746 53536 79326 107116 136906 168696 202486 238276 276066 11856 43646 77436 113226 151016 190806
 [5,] 185055 10045 32035 56025 82015 110005 139995 171985 205975 241965 279955 14945 46935 80925 116915 154905 194895
 [6,] 187964 12154 34344 58534 84724 112914 143104 175294 209484 245674 283864 18054 50244 84434 120624 158814 199004
 [7,] 190893 14283 36673 61063 87453 115843 146233 178623 213013 249403 287793 21183 53573 87963 124353 162743 203133
 [8,] 193842 16432 39022 63612 90202 118792 149382 181972 216562 253152 291742 24332 56922 91512 128102 166692 207282
 [9,] 196811 18601 41391 66181 92971 121761 152551 185341 220131 256921 295711 27501 60291 95081 131871 170661 211451
[10,] 199800 20790 43780 68770 95760 124750 155740 188730 223720 260710 299700 30690 63680 98670 135660 174650 215640
       [,37]  [,38]  [,39]  [,40] [,41] [,42]  [,43]  [,44]  [,45]  [,46]  [,47]  [,48]  [,49]  [,50] [,51]  [,52]
 [1,] 219849 263039 308229 355419  3609 44799  87989 133179 180369 229559 280749 333939 389129 446319  4509  55699
 [2,] 224078 267468 312858 360248  7638 49028  92418 137808 185198 234588 285978 339368 394758 452148  9538  60928
 [3,] 228327 271917 317507 365097 11687 53277  96867 142457 190047 239637 291227 344817 400407 457997 14587  66177
 [4,] 232596 276386 322176 369966 15756 57546 101336 147126 194916 244706 296496 350286 406076 463866 19656  71446
 [5,] 236885 280875 326865 374855 19845 61835 105825 151815 199805 249795 301785 355775 411765 469755 24745  76735
 [6,] 241194 285384 331574 379764 23954 66144 110334 156524 204714 254904 307094 361284 417474 475664 29854  82044
 [7,] 245523 289913 336303 384693 28083 70473 114863 161253 209643 260033 312423 366813 423203 481593 34983  87373
 [8,] 249872 294462 341052 389642 32232 74822 119412 166002 214592 265182 317772 372362 428952 487542 40132  92722
 [9,] 254241 299031 345821 394611 36401 79191 123981 170771 219561 270351 323141 377931 434721 493511 45301  98091
[10,] 258630 303620 350610 399600 40590 83580 128570 175560 224550 275540 328530 383520 440510 499500 50490 103480
       [,53]  [,54]  [,55]  [,56]  [,57]  [,58]  [,59]  [,60] [,61]  [,62]  [,63]  [,64]  [,65]  [,66]  [,67]  [,68]
 [1,] 108889 164079 221269 280459 341649 404839 470029 537219  5409  66599 129789 194979 262169 331359 402549 475739
 [2,] 114318 169708 227098 286488 347878 411268 476658 544048 11438  72828 136218 201608 268998 338388 409778 483168
 [3,] 119767 175357 232947 292537 354127 417717 483307 550897 17487  79077 142667 208257 275847 345437 417027 490617
 [4,] 125236 181026 238816 298606 360396 424186 489976 557766 23556  85346 149136 214926 282716 352506 424296 498086
 [5,] 130725 186715 244705 304695 366685 430675 496665 564655 29645  91635 155625 221615 289605 359595 431585 505575
 [6,] 136234 192424 250614 310804 372994 437184 503374 571564 35754  97944 162134 228324 296514 366704 438894 513084
 [7,] 141763 198153 256543 316933 379323 443713 510103 578493 41883 104273 168663 235053 303443 373833 446223 520613
 [8,] 147312 203902 262492 323082 385672 450262 516852 585442 48032 110622 175212 241802 310392 380982 453572 528162
 [9,] 152881 209671 268461 329251 392041 456831 523621 592411 54201 116991 181781 248571 317361 388151 460941 535731
[10,] 158470 215460 274450 335440 398430 463420 530410 599400 60390 123380 188370 255360 324350 395340 468330 543320
       [,69]  [,70] [,71]  [,72]  [,73]  [,74]  [,75]  [,76]  [,77]  [,78]  [,79]  [,80] [,81]  [,82]  [,83]  [,84]
 [1,] 550929 628119  6309  77499 150689 225879 303069 382259 463449 546639 631829 719019  7209  88399 171589 256779
 [2,] 558558 635948 13338  84728 158118 233508 310898 390288 471678 555068 640458 727848 15238  96628 180018 265408
 [3,] 566207 643797 20387  91977 165567 241157 318747 398337 479927 563517 649107 736697 23287 104877 188467 274057
 [4,] 573876 651666 27456  99246 173036 248826 326616 406406 488196 571986 657776 745566 31356 113146 196936 282726
 [5,] 581565 659555 34545 106535 180525 256515 334505 414495 496485 580475 666465 754455 39445 121435 205425 291415
 [6,] 589274 667464 41654 113844 188034 264224 342414 422604 504794 588984 675174 763364 47554 129744 213934 300124
 [7,] 597003 675393 48783 121173 195563 271953 350343 430733 513123 597513 683903 772293 55683 138073 222463 308853
 [8,] 604752 683342 55932 128522 203112 279702 358292 438882 521472 606062 692652 781242 63832 146422 231012 317602
 [9,] 612521 691311 63101 135891 210681 287471 366261 447051 529841 614631 701421 790211 72001 154791 239581 326371
[10,] 620310 699300 70290 143280 218270 295260 374250 455240 538230 623220 710210 799200 80190 163180 248170 335160
       [,85]  [,86]  [,87]  [,88]  [,89]  [,90] [,91]  [,92]  [,93]  [,94]  [,95]  [,96]  [,97]  [,98]  [,99] [,100]
 [1,] 343969 433159 524349 617539 712729 809919  8109  99299 192489 287679 384869 484059 585249 688439 793629 900819
 [2,] 352798 442188 533578 626968 722358 819748 17138 108528 201918 297308 394698 494088 595478 698868 804258 911648
 [3,] 361647 451237 542827 636417 732007 829597 26187 117777 211367 306957 404547 504137 605727 709317 814907 922497
 [4,] 370516 460306 552096 645886 741676 839466 35256 127046 220836 316626 414416 514206 615996 719786 825576 933366
 [5,] 379405 469395 561385 655375 751365 849355 44345 136335 230325 326315 424305 524295 626285 730275 836265 944255
 [6,] 388314 478504 570694 664884 761074 859264 53454 145644 239834 336024 434214 534404 636594 740784 846974 955164
 [7,] 397243 487633 580023 674413 770803 869193 62583 154973 249363 345753 444143 544533 646923 751313 857703 966093
 [8,] 406192 496782 589372 683962 780552 879142 71732 164322 258912 355502 454092 554682 657272 761862 868452 977042
 [9,] 415161 505951 598741 693531 790321 889111 80901 173691 268481 365271 464061 564851 667641 772431 879221 988011
[10,] 424150 515140 608130 703120 800110 899100 90090 183080 278070 375060 474050 575040 678030 783020 890010 999000
> va<- matrix(1:10, nrow=10)  #vector in matrix form with same rows as columns in matrix m
> vb<- matrix(1:100, nrow=100)  # vector in matrix form with same rows as columns in matrix n
> X<- m%*%va             #multiplying matrices
> Y<- n%*%vb
> X
        [,1]
 [1,]  20130
 [2,]  54560
 [3,]  90090
 [4,] 126720
 [5,] 164450
 [6,] 203280
 [7,] 243210
 [8,] 284240
 [9,] 326370
[10,] 369600
> Y
            [,1]
 [1,] 1614747450
 [2,] 1650578900
 [3,] 1686511350
 [4,] 1722544800
 [5,] 1758679250
 [6,] 1794914700
 [7,] 1831251150
 [8,] 1867688600
 [9,] 1904227050
[10,] 1940866500
> x<- matrix(X[1:9,], nrow=3) #matrix from X
> det(x) #determinant of x
[1] -3.5937e+10
> solve(x) #inverse of X
           [,1]       [,2]       [,3]
[1,]  0.1143323 -0.2248970  0.1106657
[2,] -0.2170586  0.4268848 -0.2100283
[3,]  0.1036354 -0.2038061  0.1002717
> y<- matrix(Y[2:10,], ncol=3) #matrix from y
> y 
           [,1]       [,2]       [,3]
[1,] 1650578900 1758679250 1867688600
[2,] 1686511350 1794914700 1904227050
[3,] 1722544800 1831251150 1940866500
> det(y) #determinant of Y
[1] -2.781813e+16
> solve(y) #inverse of Y
           [,1]       [,2]       [,3]
[1,]  0.1232349 -0.2460718  0.1228380
[2,] -0.2452725  0.4897524 -0.2444821
[3,]  0.1220475 -0.2437004  0.1216540
> Z<- matrix(X, nrow=5) #matrix of X with 5 rows
> z<- matrix(Y, ncol=5) #matrix of Y with 5 columns
> Z
       [,1]   [,2]
[1,]  20130 203280
[2,]  54560 243210
[3,]  90090 284240
[4,] 126720 326370
[5,] 164450 369600
> z
           [,1]       [,2]       [,3]       [,4]       [,5]
[1,] 1614747450 1686511350 1758679250 1831251150 1904227050
[2,] 1650578900 1722544800 1794914700 1867688600 1940866500
> W <-z%*%Z    #multiplying matrices z and Z
> det(W)
[1] 7.372205e+26
> solve(W)
              [,1]          [,2]
[1,]  3.515309e-12 -3.445071e-12
[2,] -1.145873e-12  1.123364e-12
> 